282578800148862
565157600297596
1130315200595066
2260630401190006
4521260802379886
9042521604759646
18085043209519166
36170086419038334
282578800180736
565157600328704
1130315200625152
2260630401218048
4521260802403840
9042521604775424
18085043209518592
36170086419037696
282578808340736
565157608292864
1130315208328192
2260630408398848
4521260808540160
9042521608822784
18085043209388032
36170086418907136
282580897300736
565159647117824
1130317180306432
2260632246683648
4521262379438080
9042522644946944
18085043175964672
36170086385483776
283115671060736
565681586307584
1130822006735872
2261102847592448
4521664529305600
9042787892731904
18085034619584512
36170077829103616
420017753620736
699298018886144
1260057572672512
2381576680245248
4624614895390720
9110691325681664
18082844186263552
36167887395782656
35466950888980736
34905104758997504
34344362452452352
33222877839362048
30979908613181440
26493970160820224
17522093256097792
35607136465616896
9079539427579068672
8935706818303361536
8792156787827803136
8505056726876686336
7930856604974452736
6782456361169985536
4485655873561051136
9115426935197958144
1 3075422748717586923 51
2 7262186300727721479 51
6 9837201054993053111 51
8 10378470594780049814 51
9 11311323583116379221 51
9 704318210312493958 52
10 8858931214160810530 51
10 15935777451599284856 52
11 14205435200813342761 51
11 5734619597567486955 52
12 13089806658842256662 51
12 5819229163972064168 52
13 334807610712732225 51
13 10486546681400861634 52
14 5710271957320803227 51
14 7423950692343752913 52
14 14995395855619996021 53
15 4749258751069100711 51
15 16640323626503216768 52
16 14174920595789206286 51
17 13156406592713377968 51
17 4032857934117012001 52
18 9569517588871910231 51
18 8541948000676049428 52
19 17718407048018841480 51
19 12149790755533030297 52
20 4966367645093086003 51
20 7507217407897958953 52
21 14350276985288197502 51
21 6109628620524905805 52
22 1170466825245969739 51
22 12955548741367484053 52
22 709492770732448711 53
23 2044511502075227704 51
23 11868813741914740513 52
24 3621588513420775917 51
24 6753938091793114842 52
25 1396688763571969040 51
25 1718164032020998398 52
26 6324916399293957208 51
26 16395891061472684942 52
27 6573206366741223485 51
27 5647024724977381452 52
28 2558245733349379638 51
28 10309591725252713111 52
29 7703379750724886936 51
29 3298829009806331676 52
30 15012185597163187530 51
30 13913065705829979529 52
30 12134753391299109413 53
31 10994675573213398249 51
32 5114587535618560949 51
33 11351503060942723420 51
33 15314067280909742506 52
34 8583671471962141900 51
34 17864503286877774661 52
35 1765163056355049242 51
35 12075851581054762249 52
36 4809304107643189115 51
36 5370163006050268178 52
37 7274464921827148618 51
37 15625631855475687713 52
38 5456142156286625303 51
38 7769674200167243010 52
39 1704057474956328891 51
39 13091258948157122944 52
40 12221287170008331256 51
41 16597025486106374760 51
41 2687714266122065722 52
42 10506298544018500078 51
42 13760874402713162555 52
43 12521266636395112897 51
43 5008818926116963670 52
44 15023960717877467100 51
44 16312905443278481410 52
45 18061491608063791240 51
45 1692282121295816689 52
46 18053223323722865643 51
46 2692836427844850073 52
47 7910198432161864494 51
48 12439932461114030581 51
49 7096042071895755155 51
49 14284484515777042306 52
49 16000692206632756496 53
50 13667190862211276928 51
50 12326810812720896114 52
51 10379374300186624884 51
51 10421804534112753816 52
52 2530783941222347879 51
52 10890218198256053688 52
53 184717617350898596 51
53 5991587288084060007 52
54 11036274481919430278 51
54 4856529727641194797 52
55 7021387665892288602 51
55 8449847014444435046 52
56 17263718656674978098 51
57 10829014604564016254 51
57 3594178163951654990 52
58 10902926127886704946 51
59 6742182565421901574 51
59 118655352095289406 52
60 7248491362186639038 51
61 13312952493908640910 51
62 10844489909027257574 51
62 12295339654736625756 52
63 3677507765150085846 51
9 16770771696421475393 53
25 17467578934928564129 53
31 14452871178089329513 52
33 16713525819318730910 53
41 3044824814869522148 53
46 7058645234339976321 53
48 6076733715083534928 52
54 8837259052618622096 53
58 7009738247114982446 52
3 4416387871118220618 51
47 197600611150883962 52
17 7630724554202146190 53
19 7600072714018840098 53
38 8762245465914769518 53
40 16114738427006914423 52
61 2229903231114412058 52
5 4489983103658780105 51
63 1732606310735938790 52
63 DONE!
63 DONE!
63 DONE!
60 10216829597102650914 52
63 DONE!
10 7249071371767161097 53
32 13942364440057572679 52
42 13884601007425697362 53
51 14429138142804459879 53
53 15967047628458301952 53
63 DONE!
4 1718121519169775656 51
50 18431958798618381824 53
63 DONE!
63 DONE!
26 11409597002205645409 53
52 17910011762185084528 53
63 DONE!
63 DONE!
16 15545995296731506368 52
63 DONE!
8 2605895257859232487 52
63 DONE!
7 5533799114532273564 51
63 DONE!
63 DONE!
36 3193826256826693834 53
63 DONE!
63 DONE!
63 DONE!
18 10717196877526975396 53
63 DONE!
63 DONE!
12 15821146698599685151 53
34 11479507900213495863 53
63 DONE!
21 11730364407399682796 53
63 DONE!
63 DONE!
35 6174494059059652855 53
63 DONE!
63 DONE!
63 DONE!
27 6813115271708535029 53
63 DONE!
37 603904588168683584 53
63 DONE!
54 13390028675813491712 54
54 DONE!
63 DONE!
54 DONE!
63 DONE!
54 DONE!
63 DONE!
54 DONE!
63 DONE!
23 3654453394360612012 53
23 DONE!
54 DONE!
63 DONE!
23 DONE!
54 DONE!
55 14847841381674813952 53
55 DONE!
63 DONE!
23 DONE!
54 DONE!
55 DONE!
62 9192348839804549132 53
62 DONE!
63 DONE!
23 DONE!
45 5635925656895113228 53
54 DONE!
55 DONE!
62 DONE!
63 DONE!
23 DONE!
54 DONE!
55 DONE!
62 DONE!
63 DONE!
23 DONE!
54 DONE!
55 DONE!
62 DONE!
63 DONE!
23 DONE!
54 DONE!
55 DONE!
62 DONE!
63 DONE!